100 100
61 72
64 8
79 2
2 88
89 53
96 85
37 12
29 87
21 14
82 75
94 65
52 48
55 26
34 9
38 71
48 12
16 54
38 78
66 50
46 4
54 30
17 28
41 1
1 58
26 59
71 22
16 73
70 9
49 34
26 13
39 38
73 14
65 38
97 49
74 23
65 19
38 84
65 18
68 69
24 17
92 42
25 82
4 68
54 66
0 79
87 34
61 75
42 68
39 61
20 70
22 10
20 95
0 29
93 60
67 69
30 24
8 91
15 16
49 91
34 80
23 39
49 37
64 52
44 15
17 95
45 94
95 94
36 17
51 66
41 84
93 48
93 26
61 20
77 50
81 46
29 98
40 51
31 0
59 97
25 33
78 30
9 59
9 98
79 10
59 21
7 73
49 75
73 1
27 27
14 76
89 32
44 51
83 40
29 76
3 1
23 6
43 43
20 85
82 69
79 44
100
0 0 79
0 51 66
1 6 28
1 19 53
0 8 91
1 11 29
0 73 14
0 78 30
1 24 32
1 53 44
0 48 12
1 48 47
1 46 80
0 41 84
1 14 4
0 6 28
0 41 1
1 15 4
0 94 65
1 91 26
1 62 72
0 29 87
0 62 72
0 34 9
1 90 89
0 25 82
1 62 27
1 5 89
1 83 71
1 39 79
1 43 95
1 97 95
0 17 95
0 83 40
0 43 43
1 17 63
1 85 37
1 79 6
1 41 81
0 93 60
1 37 34
1 31 48
1 32 4
1 16 98
0 70 9
0 46 80
0 38 71
1 66 13
1 2 15
1 49 55
0 46 4
0 65 19
1 95 54
0 14 4
0 32 4
0 66 13
1 67 12
1 63 12
0 43 95
0 2 88
0 24 32
0 96 85
1 77 21
1 49 68
1 62 13
1 75 95
1 1 20
1 24 86
0 73 1
1 96 59
0 67 69
1 36 55
1 2 53
0 66 50
0 42 68
0 1 58
1 4 42
1 10 93
1 98 25
0 91 26
1 68 66
0 85 37
1 85 82
1 19 76
0 64 52
0 65 38
1 57 2
1 28 4
1 86 51
0 4 68
0 20 85
1 81 62
1 68 70
1 89 77
1 46 64
0 24 17
1 14 14
1 27 51
0 90 89
