0 : 553
1 : 553 0
2 : 553 0
3 : 553 0
4 : 553 0
5 : 553 0
6 : 553 0
7 : 553 0
8 : 552 8
9 : 552 8
10 : 552 8
11 : 552 8
12 : 552 8
13 : 552 8
14 : 552 8
15 : 552 8
16 : 553 16
17 : 553 16
18 : 553 16
19 : 553 16
20 : 553 16
21 : 553 16
22 : 553 16
23 : 553 16
24 : 555 24
25 : 555 24
26 : 555 24
27 : 555 24
28 : 555 24
29 : 555 24
30 : 555 24
31 : 555 24
32 : 555 32
33 : 555 32
34 : 555 32
35 : 555 32
36 : 555 32
37 : 555 32
38 : 555 32
39 : 555 32
40 : 556 40
41 : 556 40
42 : 556 40
43 : 556 40
44 : 556 40
45 : 556 40
46 : 556 40
47 : 556 40
48 : 556 48
49 : 556 48
50 : 556 48
51 : 556 48
52 : 556 48
53 : 556 48
54 : 556 48
55 : 556 48
56 : 557 56
57 : 557 56
58 : 557 56
59 : 557 56
60 : 557 56
61 : 557 56
62 : 557 56
63 : 557 56
64 : 556 64
65 : 556 64
66 : 556 64
67 : 556 64
68 : 556 64
69 : 556 64
70 : 556 64
71 : 556 64
72 : 557 72
73 : 557 72
74 : 557 72
75 : 557 72
76 : 557 72
77 : 557 72
78 : 557 72
79 : 557 72
80 : 555 80
81 : 555 80
82 : 555 80
83 : 555 80
84 : 555 80
85 : 555 80
86 : 555 80
87 : 555 80
88 : 553 88
89 : 553 88
90 : 553 88
91 : 553 88
92 : 553 88
93 : 553 88
94 : 553 88
95 : 553 88
96 : 550 96
97 : 550 96
98 : 550 96
99 : 550 96
100 : 550 96
